000 10388 0 12845 0.7470712126898373 0.8 2.771473326298263 0.10683162132462301 0.879607657178692 0.060175357389142266
000 10388 0 12846 0.7470712126898373 0.8 2.771473326298263 0.15949599950426133 0.879607657178692 0.060175357389142266
001 10168 0 12495 0.9298522636895312 0.8 3.249669178778703 0.19517933384236646 0.7183325831048665 0.12139821920709513
001 10168 0 12496 0.9298522636895312 0.8 3.249669178778703 0.2030024661132786 0.7183325831048665 0.12139821920709513
004 2248 0 2806 0.7881462857294382 1.0 2.899519843172585 0.1660010645801102 0.8614135334621315 0.047497699107267
004 2248 0 2807 0.7881462857294382 1.0 2.899519843172585 0.14111392434787423 0.8614135334621315 0.047497699107267
005 6387 0 7868 0.5594262727211331 10.0 1.620781997277177 0.19345934674809537 0.7640598164193246 0.052456136920525955
005 6387 0 7869 0.5594262727211331 10.0 1.620781997277177 0.13311476779881282 0.7640598164193246 0.052456136920525955
008 2248 0 2773 0.6423075549546648 0.6000000000000001 2.4640318945601853 0.17337742775572565 0.9773732261774739 0.024132569082902854
008 5317 0 6542 0.9430953873124139 1.8 2.846009331593864 0.1591753880767985 0.7226082030015015 0.20497638770862858
008 5317 0 6543 0.9430953873124139 1.8 2.846009331593864 0.1649284943354779 0.7226082030015015 0.20497638770862858
009 1875 0 2300 0.9564182848619269 1.2 3.222615614336268 0.17191001110060142 0.8088941341012612 0.15908070097408178
009 1875 0 2301 0.9564182848619269 1.2 3.222615614336268 0.16159699247116568 0.8088941341012612 0.15908070097408178
009 2991 0 3683 0.5373639538215434 10.0 1.2259292212347057 0.1330155254007398 0.8725692317867696 0.03250718488731029
009 2991 0 3684 0.5373639538215434 10.0 1.2259292212347057 0.11452345598597802 0.8725692317867696 0.03250718488731029
011 10354 0 12814 0.7650648719547319 1.0 2.854581321103038 0.14507566876756978 0.9027613157322117 0.044359620194803745
011 10354 0 12815 0.7650648719547319 1.0 2.854581321103038 0.1503846375883933 0.9027613157322117 0.044359620194803745
011 2953 0 3637 0.8515984080855363 1.0 3.0744540613697717 0.1356389685743497 0.7754089458375777 0.0311789951501447
013 8001 0 9863 0.6235639095677239 10.0 1.8146165291749317 0.16846215357222044 0.9787355584419224 0.044284717370122975
013 8001 0 9864 0.6235639095677239 10.0 1.8146165291749317 0.11820753245909721 0.9787355584419224 0.044284717370122975
015 6034 0 7461 0.9217333492906579 1.2 2.878902899238166 0.12006936278621032 0.8011263087879759 0.05753346660991088
015 7892 0 9738 0.48386258140765825 10.0 0.9859529780015223 0.1677869912133351 1.0922724579932084 0.02288106276387162
017 7153 0 8848 0.5012812988432236 10.0 1.0182371906015593 0.11049175924152091 1.0387708959030642 0.07878040662041805
017 7153 0 8849 0.5012812988432236 10.0 1.0182371906015593 0.11810330275721981 1.0387708959030642 0.07878040662041805
018 3294 0 4078 0.6257940695131572 1.2 1.9077762862588092 0.16331582108535583 0.5190544216591365 0.103890804666915
018 3294 0 4079 0.6257940695131572 1.2 1.9077762862588092 0.1420472875904213 0.5190544216591365 0.103890804666915
020 7496 0 9302 0.7032086864145823 1.6 2.090354117843068 0.13023574760842047 0.9130502136622314 0.08612587056802656
021 11672 0 14433 0.5826724998533891 2.4000000000000004 2.113467968160096 0.16793805236869358 0.9439655173758399 0.01732968949857234
021 11672 0 14434 0.5826724998533891 2.4000000000000004 2.113467968160096 0.2398025413270023 0.9439655173758399 0.01732968949857234
021 5474 0 6746 0.7266902142032503 4.6000000000000005 2.685404400694335 0.19197489499563475 0.8094554717924902 0.050334566081808745
021 5474 0 6747 0.7266902142032503 4.6000000000000005 2.685404400694335 0.1578181443175164 0.8094554717924902 0.050334566081808745
024 204 0 257 0.4094937132859946 10.0 1.0170306942305871 0.0884274549449107 0.9429179376061316 0.03052404922010625
024 204 0 258 0.4094937132859946 10.0 1.0170306942305871 0.13702720920275935 0.9429179376061316 0.03052404922010625
025 10937 0 13530 0.9622208721980248 1.0 2.943536808342601 0.16423910805582947 0.805386838355651 0.17953260590777434
025 10937 0 13531 0.9622208721980248 1.0 2.943536808342601 0.16097485886743096 0.805386838355651 0.17953260590777434
025 9487 0 11766 0.6150994713649232 10.0 2.085810386364179 0.14867263443432463 0.9638984094187821 0.03998712706833226
025 9487 0 11767 0.6150994713649232 10.0 2.085810386364179 0.14580501544052138 0.9638984094187821 0.03998712706833226
026 8473 0 10491 0.7292757800620606 2.4000000000000004 2.3949428636723806 0.14387633678691156 0.9312031141298645 0.030822147608824402
026 8473 0 10492 0.7292757800620606 2.4000000000000004 2.3949428636723806 0.14738394138409242 0.9312031141298645 0.030822147608824402
028 3588 0 4475 0.5169564814078516 10.0 1.3504600449184572 0.1034545161353005 0.9902051312239695 0.03516271143029759
028 3588 0 4476 0.5169564814078516 10.0 1.3504600449184572 0.1064860669833247 0.9902051312239695 0.03516271143029759
028 5607 0 6988 0.9063238674000411 0.8 3.2427253109033924 0.16141881497146662 0.713468468751912 0.05638927069948884
028 5607 0 6989 0.9063238674000411 0.8 3.2427253109033924 0.13157202614029107 0.713468468751912 0.05638927069948884
029 2023 0 2503 0.4356642296812198 10.0 1.0948346622756628 0.09934489566962121 0.949634999955463 0.004305548804492084
029 2023 0 2504 0.4356642296812198 10.0 1.0948346622756628 0.10968472102654214 0.949634999955463 0.004305548804492084
029 2141 0 2650 0.8841870089788484 0.8 3.3146758014465134 0.1335038017427845 0.8588572755282857 0.031018699985870108
029 2141 0 2651 0.8841870089788484 0.8 3.3146758014465134 0.164623390440398 0.8588572755282857 0.031018699985870108
030 881 0 1067 0.6354925693939271 1.4000000000000001 1.8987867655222646 0.20473267885199647 0.8196126474785916 0.031476598230464184
001 2625 0 3229 0.49046871789278257 10.0 1.2179741437017781 0.1019335950933346 0.9757785311635359 0.018926288543575823
001 319 0 392 0.8772373219649614 1.0 2.882810423833115 0.16033080525832555 0.8239079980391374 0.06331019483858752
001 319 0 393 0.8772373219649614 1.0 2.882810423833115 0.18291406784491915 0.8239079980391374 0.06331019483858752
001 7558 0 9339 0.4464890248942456 10.0 1.0446483508128124 0.12572338101688665 0.9325658572699178 0.01716324119121734
001 7558 0 9340 0.4464890248942456 10.0 1.0446483508128124 0.12229644691852162 0.9325658572699178 0.01716324119121734
002 1727 0 2145 0.5160496226980945 10.0 1.3943618200066268 0.1382579123929898 0.8605072506988984 0.03498461030805797
004 1682 0 2073 0.8764246040452515 1.0 3.0009429291303333 0.1382987895273373 0.7495929447523828 0.06781824148381532
004 9444 0 11681 0.8615518254788976 0.8 3.121646254108017 0.18933860763778665 0.9435074147625027 0.06545370483368364
004 9444 0 11682 0.8615518254788976 0.8 3.121646254108017 0.14847576709520055 0.9435074147625027 0.06545370483368364
006 10698 0 13154 0.8852369225907852 1.0 3.068514626407481 0.2042875953438289 0.8441979199954168 0.07897939948536507
006 10698 0 13155 0.8852369225907852 1.0 3.068514626407481 0.13038022780294928 0.8441979199954168 0.07897939948536507
007 8028 0 9864 0.494747040020457 10.0 1.2523416917907808 0.11059983121816888 0.8755265973657606 0.028014181133401216
007 8028 0 9865 0.494747040020457 10.0 1.2523416917907808 0.16511582725081192 0.8755265973657606 0.028014181133401216
010 2557 0 3152 0.70362049098676 10.0 2.1088296831565074 0.10737147750512532 0.8692044298643686 0.04592855000104637
010 2557 0 3153 0.70362049098676 10.0 2.1088296831565074 0.15190762537300495 0.8692044298643686 0.04592855000104637
012 7309 0 9034 0.8014721744881677 1.4000000000000001 2.4936232230170616 0.14054564598747632 0.9708746895091835 0.06152259521240457
012 7309 0 9035 0.8014721744881677 1.4000000000000001 2.4936232230170616 0.10860808472052161 0.9708746895091835 0.06152259521240457
012 8913 0 11021 0.883994531960723 1.0 2.8042636698459313 0.14586521101174257 0.6909493348490581 0.12251128814619236
012 8913 0 11022 0.883994531960723 1.0 2.8042636698459313 0.1947274161306471 0.6909493348490581 0.12251128814619236
013 10097 0 12478 0.8953041309256412 1.2 2.8140102347510685 0.17241104863553963 0.8197651271820996 0.05045000415757169
013 4104 0 5038 0.735793374775799 10.0 1.9535015972134757 0.09102452824289765 0.7149546995868965 0.06084090590014176
013 4104 0 5039 0.735793374775799 10.0 1.9535015972134757 0.11542822277463105 0.7149546995868965 0.06084090590014176
015 2440 0 3038 0.6611375481059154 1.8 2.351246152110787 0.20099845416610929 0.8727093453697492 0.05779259013403601
015 2440 0 3039 0.6611375481059154 1.8 2.351246152110787 0.14060710986204206 0.8727093453697492 0.05779259013403601
017 4335 0 5397 0.5081318296889732 10.0 1.6702113055171788 0.13866861182207146 0.8059918735163594 0.019440256575486627
017 4335 0 5398 0.5081318296889732 10.0 1.6702113055171788 0.1321276902181061 0.8059918735163594 0.019440256575486627
018 10000 0 12375 0.7574540566733705 4.6000000000000005 1.9892967956951149 0.14156089850219827 0.7972771556825358 0.1373866330385862
018 10000 0 12376 0.7574540566733705 4.6000000000000005 1.9892967956951149 0.11587304771927597 0.7972771556825358 0.1373866330385862
018 1473 0 1850 0.45040186689417105 10.0 1.3224352497883167 0.11007414813389121 0.9367000720177028 0.033573009386786964
018 1473 0 1851 0.45040186689417105 10.0 1.3224352497883167 0.10518620786039976 0.9367000720177028 0.033573009386786964
018 753 0 942 0.4514189333138695 10.0 1.1249278780809957 0.10216763713308456 0.9287739213666841 0.02887795340330398
018 753 0 943 0.4514189333138695 10.0 1.1249278780809957 0.13226808523817488 0.9287739213666841 0.02887795340330398
019 10599 0 13110 0.7076195272888403 0.8 2.455685521792312 0.14727259316085445 0.9185764315567596 0.04726294246350789
019 10599 0 13111 0.7076195272888403 0.8 2.455685521792312 0.1816808598304986 0.9185764315567596 0.04726294246350789
021 8253 0 10180 0.9782797364062067 1.2 3.0623434756686163 0.15117031483298202 0.38868177442546514 0.2064283335487563
021 8253 0 10181 0.9782797364062067 1.2 3.0623434756686163 0.11631772753900044 0.38868177442546514 0.2064283335487563
021 8772 0 10818 0.6065137805635243 1.6 2.1216125313739487 0.11644004288775651 0.9561233747928837 0.04259317331319788
021 8772 0 10819 0.6065137805635243 1.6 2.1216125313739487 0.1635175062492157 0.9561233747928837 0.04259317331319788
023 3439 0 4236 0.4254144291979254 10.0 1.4490470953267436 0.19811966957760258 0.9222977515806164 0.006076325839693509
023 3439 0 4237 0.4254144291979254 10.0 1.4490470953267436 0.1425338109717293 0.9222977515806164 0.006076325839693509
023 6037 0 7392 0.8565363608855101 1.6 2.3653048926857205 0.16618465457908244 0.5523071255179197 0.0642009131223306
023 6037 0 7393 0.8565363608855101 1.6 2.3653048926857205 0.18350395072996256 0.5523071255179197 0.0642009131223306
023 9686 0 11918 0.8334395775876311 1.8 2.7173697614169554 0.1143504099520063 0.7937555911467233 0.04462170877927313
023 9686 0 11919 0.8334395775876311 1.8 2.7173697614169554 0.12455535392338951 0.7937555911467233 0.04462170877927313
025 333 0 402 0.8504976109259965 1.8 2.697156242661075 0.1501058691168677 0.8888058688869017 0.0846487020270331
025 333 0 403 0.8504976109259965 1.8 2.697156242661075 0.18344323747702768 0.8888058688869017 0.0846487020270331
026 2033 0 2490 0.838844778911777 1.8 2.5249476366941495 0.1780631379318861 0.8519048442096626 0.04811550188439715
026 2033 0 2491 0.838844778911777 1.8 2.5249476366941495 0.14450530894596886 0.8519048442096626 0.04811550188439715
026 9341 0 11528 0.4709224749891231 10.0 1.028747783896976 0.1230493268748254 0.9748660121291508 0.02309869524902229
026 9341 0 11529 0.4709224749891231 10.0 1.028747783896976 0.13539752185844892 0.9748660121291508 0.02309869524902229
027 3204 0 3943 0.9175500211650922 0.8 3.053611974264654 0.1637249880664562 0.6707707135895468 0.09431121341780853
027 3204 0 3944 0.9175500211650922 0.8 3.053611974264654 0.13319796927779348 0.6707707135895468 0.09431121341780853
027 8974 0 11060 0.6263171934168785 2.2 1.882379853083587 0.17394698106059436 0.82103429332038 0.03393052425100005
027 8974 0 11061 0.6263171934168785 2.2 1.882379853083587 0.17037572913729532 0.82103429332038 0.03393052425100005
030 8904 0 11024 0.7766251564339423 0.8 2.877884688043826 0.1409227175849444 0.8179611937550209 0.05528761730780737
031 6982 0 8598 0.8934674286058486 1.0 3.117025331019661 0.13889159654417269 0.8573849538623721 0.053793776100910094
031 6982 0 8599 0.8934674286058486 1.0 3.117025331019661 0.13500750773680137 0.8573849538623721 0.053793776100910094
000 10761 0 13278 0.45226970302185693 10.0 1.019464808546693 0.17115245518700645 0.9746865568674485 0.021227987539154374
000 10761 0 13279 0.45226970302185693 10.0 1.019464808546693 0.10882376141182977 0.9746865568674485 0.021227987539154374
000 2605 0 3193 0.6301967878500233 1.2 2.1774338489994647 0.17183653140955102 0.8841136951129733 0.03444257536637114
000 2605 0 3194 0.6301967878500233 1.2 2.1774338489994647 0.14763904126574035 0.8841136951129733 0.03444257536637114
000 2713 0 3329 0.9236259824665635 1.4000000000000001 2.769667397008195 0.1561665723189424 0.8323295141328412 0.09485034404449962
000 2713 0 3330 0.9236259824665635 1.4000000000000001 2.769667397008195 0.16584549217570194 0.8323295141328412 0.09485034404449962
000 4260 0 5243 0.7269382731671055 0.8 2.635528231869154 0.1295173084581719 0.8457889118457808 0.04127962535634268
000 4260 0 5244 0.7269382731671055 0.8 2.635528231869154 0.14924198163219338 0.8457889118457808 0.04127962535634268
001 8854 0 10924 0.6322505001785765 1.4000000000000001 2.1370377400808147 0.11599797322966504 0.9008172564574904 0.04686218608659056
001 8854 0 10925 0.6322505001785765 1.4000000000000001 2.1370377400808147 0.16449188516533975 0.9008172564574904 0.04686218608659056
003 5467 0 6738 0.47106502854973503 10.0 1.140242298503326 0.12155519067911152 0.9740083672473553 0.03488289305733351
003 5467 0 6739 0.47106502854973503 10.0 1.140242298503326 0.10790633296976813 0.9740083672473553 0.03488289305733351
003 9893 0 12267 0.8218771019710402 1.8 2.781003335542264 0.10621676638075037 0.8969610479718814 0.07419023279206048
003 9893 0 12268 0.8218771019710402 1.8 2.781003335542264 0.1283240842068601 0.8969610479718814 0.07419023279206048
005 10654 0 13090 0.5910505696548467 1.4000000000000001 1.926551957531721 0.12015137033003964 0.9473966251161295 0.061586113007836556
005 10654 0 13091 0.5910505696548467 1.4000000000000001 1.926551957531721 0.18363017562937559 0.9473966251161295 0.061586113007836556
005 1149 0 1418 0.9664959742348876 0.8 3.186004977569951 0.13771939782031967 0.7776981617935024 0.07813282824749072
005 1149 0 1419 0.9664959742348876 0.8 3.186004977569951 0.16073118489397023 0.7776981617935024 0.07813282824749072
005 11604 0 14255 0.4532101647715433 10.0 1.0257754062660447 0.19792142484701328 0.8598770028432595 0.03621950838429844
008 2720 0 3341 0.767833891383258 2.0 2.7967656016768454 0.11637557213820417 0.9172059486396054 0.04137293372294207
008 2720 0 3342 0.767833891383258 2.0 2.7967656016768454 0.1391454621722606 0.9172059486396054 0.04137293372294207
015 1681 0 2072 0.6401999961012123 10.0 1.9388094353242071 0.12126965863444211 0.6713032925294942 0.11239706335540155
015 3504 0 4300 0.7901464560143914 1.4000000000000001 2.3146647755196277 0.11389536864565224 0.8890309242470529 0.06269189671808066
015 3504 0 4301 0.7901464560143914 1.4000000000000001 2.3146647755196277 0.16764364915063773 0.8890309242470529 0.06269189671808066
015 7572 0 9357 0.8414954435928053 0.8 2.8369591384822144 0.1572168039978315 0.9266779782516167 0.07516499147794099
015 7572 0 9358 0.8414954435928053 0.8 2.8369591384822144 0.21054682396448401 0.9266779782516167 0.07516499147794099
015 8845 0 10938 0.8499949424771371 0.8 3.264148839097868 0.156395398789792 0.7933554541524385 0.07074114759019044
016 4156 0 5121 0.6745389324748681 10.0 1.9704093175450244 0.16572604645574118 0.7879537219676453 0.05525489772985987
016 4156 0 5122 0.6745389324748681 10.0 1.9704093175450244 0.1621104841887307 0.7879537219676453 0.05525489772985987
018 430 0 531 0.9097799114079564 0.8 2.9429066856647483 0.14350071186522506 0.7306019349780443 0.23845569585903612
019 4581 0 5619 0.4943262664336809 10.0 1.6230142588924432 0.23723049909724192 0.924980669761001 0.03600109118714974
019 4581 0 5620 0.4943262664336809 10.0 1.6230142588924432 0.13182206408509278 0.924980669761001 0.03600109118714974
021 10931 0 13431 0.8229347690737012 1.6 2.2955179540533392 0.1285379661075874 0.6197725091022804 0.11617459699846937
021 11848 0 14552 0.603508136789255 10.0 1.6757420764009803 0.16152296816552808 0.7840738149930135 0.0508088993915993
021 11848 0 14553 0.603508136789255 10.0 1.6757420764009803 0.1576520857777913 0.7840738149930135 0.0508088993915993
022 3517 0 4399 0.45992862399926654 10.0 1.1032248427684657 0.09638919304114393 0.899753421698701 0.020708624303726962
022 3517 0 4400 0.45992862399926654 10.0 1.1032248427684657 0.17276372522456218 0.899753421698701 0.020708624303726962
022 4312 0 5358 0.6465891948272372 1.0 2.4313421196234075 0.16927769455613104 0.9312018523991055 0.0431198235010229
022 4312 0 5359 0.6465891948272372 1.0 2.4313421196234075 0.16083736098538398 0.9312018523991055 0.0431198235010229
023 2173 0 2682 0.6173572680603738 10.0 2.0473446547442964 0.14229521877403944 0.8818565209201252 0.029643296545369038
023 2173 0 2683 0.6173572680603738 10.0 2.0473446547442964 0.16668015686388893 0.8818565209201252 0.029643296545369038
023 4856 0 5971 0.5433147036806717 10.0 1.5121046341985032 0.09819410658860442 0.9841504888906671 0.034534320179347926
023 4856 0 5972 0.5433147036806717 10.0 1.5121046341985032 0.13878082960795984 0.9841504888906671 0.034534320179347926
023 7177 0 8827 0.6749792630739035 0.8 2.515282930038729 0.1539840048935565 0.8286707168343622 0.04898983372433444
023 7177 0 8828 0.6749792630739035 0.8 2.515282930038729 0.16562032045610828 0.8286707168343622 0.04898983372433444
023 9440 0 11656 0.5835858501099376 10.0 2.019262123493058 0.1272413264342284 0.9285820956609655 0.02638668407536928
024 10324 0 12720 0.4350042599946855 10.0 1.147835510140833 0.14130157385339093 1.001221592068596 0.0028478108445397763
024 10324 0 12721 0.4350042599946855 10.0 1.147835510140833 0.20255272908481575 1.001221592068596 0.0028478108445397763
024 11179 0 13780 0.5099806165868558 10.0 1.2762648163161574 0.1895518031382067 0.8206812126625779 0.005580437252062533
024 11179 0 13781 0.5099806165868558 10.0 1.2762648163161574 0.16105459654775994 0.8206812126625779 0.005580437252062533
025 6571 0 8096 0.7008274969847432 1.0 2.520737488872699 0.17021709429393167 0.9475748242309829 0.02836621212791372
025 6571 0 8097 0.7008274969847432 1.0 2.520737488872699 0.140200923703449 0.9475748242309829 0.02836621212791372
025 8658 0 10700 0.9609087425411311 1.2 3.1164893569815804 0.15323944781641605 0.8651278092546004 0.17216924671089068
025 8658 0 10701 0.9609087425411311 1.2 3.1164893569815804 0.1214144933290141 0.8651278092546004 0.17216924671089068
026 528 0 629 0.7826394457067962 0.8 2.6102317404461175 0.19269658510014204 0.7241679626629357 0.0803431717100786
027 10224 0 12595 0.46756097117601925 10.0 1.5576753673816464 0.22308732097976497 0.9024352765426624 0.03459176161743415
027 10224 0 12596 0.46756097117601925 10.0 1.5576753673816464 0.14835007609660747 0.9024352765426624 0.03459176161743415
028 4725 0 5794 0.7150946238651688 0.8 2.3915353406782027 0.15220318493204754 0.5070505950854298 0.106194360854471
028 4725 0 5795 0.7150946238651688 0.8 2.3915353406782027 0.13993910337218807 0.5070505950854298 0.106194360854471
028 5347 0 6563 0.7052889228059016 1.0 2.3830002945663704 0.1844901281190563 0.8404603204605061 0.08313948128788683
029 7611 0 9386 0.6596973727048041 10.0 1.9923319457398971 0.0994116004360776 0.9734111077690248 0.04188589221688326
029 7611 0 9387 0.6596973727048041 10.0 1.9923319457398971 0.12242448102291248 0.9734111077690248 0.04188589221688326
031 296 0 359 0.8133326655581737 4.4 2.532556361018864 0.09058619916295396 0.8913591728041588 0.04630245688223593
031 296 0 360 0.8133326655581737 4.4 2.532556361018864 0.14705061612616885 0.8913591728041588 0.04630245688223593
000 9861 0 12169 0.9079011777004442 1.0 2.830894490642112 0.158376112721973 0.8476046808569954 0.08425045356723654
001 2460 0 3029 0.7842094413932427 1.6 2.477877639789123 0.15296934232803294 0.9530217022048226 0.12958254622403595
001 2460 0 3030 0.7842094413932427 1.6 2.477877639789123 0.09274067707311355 0.9530217022048226 0.12958254622403595
001 469 0 570 0.48562088246699275 10.0 1.2450470196984302 0.12648185153944508 1.0382952665897571 0.002309766711973659
002 4652 0 5778 0.6486674704338702 2.2 2.5686053627328542 0.1425701741390556 0.934835108760711 0.031928779606645044
002 4652 0 5779 0.6486674704338702 2.2 2.5686053627328542 0.14218910146882915 0.934835108760711 0.031928779606645044
003 10491 0 12992 0.4459607157414974 10.0 1.0276633889039999 0.11597175698993686 0.9154672188206682 0.02910332797399861
003 10491 0 12993 0.4459607157414974 10.0 1.0276633889039999 0.14144807291128755 0.9154672188206682 0.02910332797399861
005 10186 0 12586 0.47714915303740096 10.0 1.4686970400906858 0.11556519144111624 0.9318288483877716 0.035613179885356436
005 10186 0 12587 0.47714915303740096 10.0 1.4686970400906858 0.1421552956407695 0.9318288483877716 0.035613179885356436
005 2462 0 3033 0.8335675288795829 1.0 2.64918004377806 0.13780633622733057 0.8054899532517531 0.05508810702495785
005 2462 0 3034 0.8335675288795829 1.0 2.64918004377806 0.16445332789238928 0.8054899532517531 0.05508810702495785
005 8235 0 10188 0.8617451611378213 1.4000000000000001 2.736115186310793 0.1445104656416972 0.7427314221078583 0.09826495728930343
005 8235 0 10189 0.8617451611378213 1.4000000000000001 2.736115186310793 0.18259474253802754 0.7427314221078583 0.09826495728930343
006 3750 0 4630 0.5243804320038512 10.0 1.7096743486182202 0.11424091120579384 0.8939937630482295 0.020953686983345415
009 2628 0 3213 0.7212156634931068 1.0 2.218301760574326 0.15279149594632704 0.7739583600424644 0.04632512303942079
009 2628 0 3214 0.7212156634931068 1.0 2.218301760574326 0.18734820990700513 0.7739583600424644 0.04632512303942079
009 9496 0 11707 0.6541014996999241 1.2 1.9541657139346447 0.13322488717164585 0.9351154174380465 0.044917253926044315
009 9496 0 11708 0.6541014996999241 1.2 1.9541657139346447 0.14835263481989566 0.9351154174380465 0.044917253926044315
009 9679 0 11934 0.6907108578028158 0.8 2.5020099621995757 0.18019513426006584 0.8641301811769597 0.055513711322075145
009 9679 0 11935 0.6907108578028158 0.8 2.5020099621995757 0.1442923169615804 0.8641301811769597 0.055513711322075145
011 10947 0 13553 0.6831553686204057 3.6000000000000005 2.1680338390341145 0.15678418850238346 0.8893948120611602 0.031478687786202296
011 10947 0 13554 0.6831553686204057 3.6000000000000005 2.1680338390341145 0.13411145782173456 0.8893948120611602 0.031478687786202296
011 7982 0 9877 0.48396555576517086 10.0 1.3507223990911388 0.19143120275536446 0.9730195412168335 0.023908346799184698
011 7982 0 9878 0.48396555576517086 10.0 1.3507223990911388 0.14027758935964352 0.9730195412168335 0.023908346799184698
013 1625 0 2018 0.5349731656725093 10.0 1.1899280152460352 0.1261693999054074 0.8077111768114996 0.07106970072940738
014 10977 0 13471 0.8106540675501577 2.2 3.0946323193712364 0.19138502028763318 0.7386173475472827 0.05515282754874938
015 4423 0 5444 0.4630892487014513 10.0 1.566558346369892 0.1023505817003953 0.8923729722843226 0.02660098536462403
015 4423 0 5445 0.4630892487014513 10.0 1.566558346369892 0.13267697731461126 0.8923729722843226 0.02660098536462403
016 4973 0 6108 0.43289800794693645 10.0 1.2858029622266824 0.13099872998821593 1.0414356143362062 0.04647677852232133
017 1549 0 1937 0.7317341357650016 1.8 2.3117577045872113 0.12700809491113757 0.8486297988965781 0.057268370402273915
017 1549 0 1938 0.7317341357650016 1.8 2.3117577045872113 0.1773050024722838 0.8486297988965781 0.057268370402273915
020 11697 0 14512 0.901208291654932 0.8 3.100822951729524 0.17943218893331117 0.766749430852158 0.13090120617937132
023 7155 0 8806 0.6078424050053677 10.0 1.6748854934016848 0.24865900216796166 0.8474190126444053 0.06031556127649584
024 2385 0 2945 0.7060847691075487 2.0 2.441648601440691 0.11980559173262592 0.8260632365861008 0.057328441318391536
024 2385 0 2946 0.7060847691075487 2.0 2.441648601440691 0.1439413330435262 0.8260632365861008 0.057328441318391536
025 336 0 413 0.45342583174150164 10.0 1.0365643128907733 0.18960404399177025 0.8086477821912251 0.033792038245369194
025 336 0 414 0.45342583174150164 10.0 1.0365643128907733 0.15026270725934704 0.8086477821912251 0.033792038245369194
026 2587 0 3222 0.661707403499439 1.6 2.13172543262698 0.1606221010617479 0.9288104783171132 0.04152522862258533
026 2587 0 3223 0.661707403499439 1.6 2.13172543262698 0.15601533254311703 0.9288104783171132 0.04152522862258533
026 7494 0 9277 0.9083918025232037 0.8 3.197334582942884 0.15980235808575088 0.8383210733027162 0.11404411326255164
026 7494 0 9278 0.9083918025232037 0.8 3.197334582942884 0.16750512911997803 0.8383210733027162 0.11404411326255164
029 10441 0 12927 0.9568378996900095 1.6 2.9072975707694453 0.19441370011205755 0.8819177648606733 0.25803169747712235
029 10441 0 12928 0.9568378996900095 1.6 2.9072975707694453 0.11975923793111741 0.8819177648606733 0.25803169747712235
001 12302 0 15197 0.6501142649432886 10.0 1.5696826809763982 0.14374374445675986 0.8926077039480094 0.04319971767692978
001 12302 0 15198 0.6501142649432886 10.0 1.5696826809763982 0.14156130326308441 0.8926077039480094 0.04319971767692978
001 3685 0 4534 0.7902015202263302 1.0 2.81722203896999 0.128711053687724 0.9479265722549456 0.036081571617655114
001 3685 0 4535 0.7902015202263302 1.0 2.81722203896999 0.12846408023266281 0.9479265722549456 0.036081571617655114
002 4052 0 5070 0.7430724247494318 1.6 2.2745063047879244 0.1161691876531476 0.3773761187786841 0.20261200844630933
003 10650 0 13199 0.46369865170504665 10.0 1.206139342909591 0.1275917344278093 0.7632249023617002 0.05235927014371381
003 10650 0 13200 0.46369865170504665 10.0 1.206139342909591 0.08775315624067168 0.7632249023617002 0.05235927014371381
005 8850 0 10919 0.5558752113691536 0.8 1.991243696817632 0.1346109932833209 0.9071457061809514 0.028470751320485554
005 8850 0 10920 0.5558752113691536 0.8 1.991243696817632 0.1429390058657133 0.9071457061809514 0.028470751320485554
006 4059 0 5008 0.7620500502972027 1.0 2.801363115327695 0.12326430170718437 0.8566291792977324 0.05286936289109769
006 4059 0 5009 0.7620500502972027 1.0 2.801363115327695 0.1563579742567043 0.8566291792977324 0.05286936289109769
009 12018 0 14904 0.6201674697441615 0.8 2.443504146833808 0.11989514355192873 0.961200165512769 0.04655076798403198
009 12018 0 14905 0.6201674697441615 0.8 2.443504146833808 0.11419533271050364 0.961200165512769 0.04655076798403198
011 640 0 797 0.43289974498429745 10.0 1.1760653584946699 0.12539309394097392 0.9242678955300799 0.026562204902637197
011 640 0 798 0.43289974498429745 10.0 1.1760653584946699 0.10566771507811569 0.9242678955300799 0.026562204902637197
012 4761 0 5901 0.6750313593383771 2.2 2.2116478524614225 0.17714802130865673 0.8725658836326782 0.028477307100518563
012 4761 0 5902 0.6750313593383771 2.2 2.2116478524614225 0.1755348920584784 0.8725658836326782 0.028477307100518563
012 9288 0 11503 0.9181352009381876 1.2 2.796303363300434 0.12586007432737267 0.8083736395856693 0.06759780706919813
013 2410 0 3014 0.4767236137144194 10.0 1.0059907689190153 0.13069525204449092 0.9673699172844099 0.04711400434362523
013 4812 0 6004 0.8276266303636916 0.6000000000000001 3.172869461566412 0.16098645957405658 0.9007652774509152 0.034053400313368676
013 4812 0 6005 0.8276266303636916 0.6000000000000001 3.172869461566412 0.17820430689325067 0.9007652774509152 0.034053400313368676
013 8505 0 10599 0.8751935699936719 1.2 2.809548275382763 0.19823879599254635 0.7474093467206471 0.05686529149621082
013 8505 0 10600 0.8751935699936719 1.2 2.809548275382763 0.2137862501373215 0.7474093467206471 0.05686529149621082
015 3446 0 4307 0.6765036346988909 1.0 2.669934723814562 0.17264236609107803 0.9014070034654644 0.032760509066464334
016 11613 0 14327 0.4484813531337558 10.0 1.1118056388506967 0.11428755125202579 0.9833899717080992 0.020216558912182346
018 1850 0 2299 0.5448171659319077 10.0 1.0911664383211415 0.12977790585031423 0.763583147680635 0.05654451302611655
018 1927 0 2395 0.4551012251627671 10.0 1.0197713013710863 0.13049254744830963 0.9974375091121573 0.002915229340443748
022 3341 0 4133 0.6151232883791656 1.0 2.1702617302566227 0.14628563754945792 0.944506979063544 0.02870464049092408
022 3341 0 4134 0.6151232883791656 1.0 2.1702617302566227 0.12075528625350437 0.944506979063544 0.02870464049092408
022 5868 0 7272 0.8298481427232409 0.8 3.07123228781797 0.1727568854951664 0.8748053350864321 0.0504886462414168
022 5868 0 7273 0.8298481427232409 0.8 3.07123228781797 0.13752158626864375 0.8748053350864321 0.0504886462414168
024 5836 0 7239 0.49283731253230256 10.0 1.489177123010393 0.1637438708811218 0.8372663249648914 0.040090837112203036
024 5836 0 7240 0.49283731253230256 10.0 1.489177123010393 0.13627674263856554 0.8372663249648914 0.040090837112203036
024 7410 0 9166 0.8114245704878507 1.8 2.3371939034657356 0.2068613973926683 0.9302308005188159 0.047026661365658876
024 7410 0 9167 0.8114245704878507 1.8 2.3371939034657356 0.15088786405316315 0.9302308005188159 0.047026661365658876
024 8359 0 10333 0.7535523912337492 0.8 2.85042337617582 0.19672776553336335 0.9427815238090151 0.041705312238253064
024 8359 0 10334 0.7535523912337492 0.8 2.85042337617582 0.16425741770715424 0.9427815238090151 0.041705312238253064
025 8680 0 10685 0.7803461757813543 1.4000000000000001 2.7248521768065173 0.20846150732623414 0.8980132799918997 0.03884290248128051
027 8663 0 10666 0.7162432552410619 4.4 1.8396358363790144 0.19948143855411715 0.998567894671039 0.07997249564725098
027 8663 0 10667 0.7162432552410619 4.4 1.8396358363790144 0.12254094365606562 0.998567894671039 0.07997249564725098
028 5775 0 7101 0.7446295113769441 2.0 2.6436227603200537 0.16623861419172092 0.8631014603370066 0.0312976233228804
028 5775 0 7102 0.7446295113769441 2.0 2.6436227603200537 0.15581998060910357 0.8631014603370066 0.0312976233228804
030 1526 0 1885 0.6027014239601519 10.0 1.5361938073881578 0.14526011082802215 0.9816104352303979 0.054423821554681
030 1526 0 1886 0.6027014239601519 10.0 1.5361938073881578 0.17196137403333825 0.9816104352303979 0.054423821554681
031 7782 0 9625 0.6440871701129482 1.2 2.322380036007116 0.15719037678034684 0.9189587225701795 0.02714523723909785
031 7782 0 9626 0.6440871701129482 1.2 2.322380036007116 0.18152172747598 0.9189587225701795 0.02714523723909785
001 167 0 210 0.8277848489021142 1.0 2.7413903039737333 0.16527849782659493 0.9243288582133998 0.04993240752007005
001 1699 0 2101 0.4204900160092325 10.0 1.176261233743329 0.15182077020040752 0.9310176808136477 0.029273990024011137
001 9090 0 11351 0.7542909580408148 1.2 2.278688840462584 0.14627925064441438 0.6901621110107881 0.03851467443632935
001 9090 0 11352 0.7542909580408148 1.2 2.278688840462584 0.1680535289173266 0.6901621110107881 0.03851467443632935
003 7217 0 8970 0.5735023105156711 10.0 1.3174326135111254 0.1385399066992886 0.7428821999468289 0.03363939475182165
003 7217 0 8971 0.5735023105156711 10.0 1.3174326135111254 0.17964614830344938 0.7428821999468289 0.03363939475182165
004 394 0 478 0.9334736179734577 1.6 2.777007443790662 0.15578026214658164 0.5016005799224572 0.16334189657369794
004 394 0 479 0.9334736179734577 1.6 2.777007443790662 0.16802019660813483 0.5016005799224572 0.16334189657369794
005 3872 0 4806 0.7522611939831492 1.2 2.3557608488870914 0.18260040343054607 0.8969599964051925 0.04944717004454255
005 3872 0 4807 0.7522611939831492 1.2 2.3557608488870914 0.18012548266702127 0.8969599964051925 0.04944717004454255
006 11954 0 14772 0.753216790334662 1.2 2.6583266960821916 0.11828887478098987 0.8834259363784476 0.12433237381537883
006 12094 0 14945 0.44970590896609614 10.0 1.033934179844319 0.12481860545010967 0.8500747725947451 0.038241147951862044
006 12094 0 14946 0.44970590896609614 10.0 1.033934179844319 0.14129428014165318 0.8500747725947451 0.038241147951862044
007 12278 0 15194 0.682718977066217 1.0 2.3282635809756234 0.14306392529119336 0.9422223311410939 0.022996870016486842
007 12278 0 15195 0.682718977066217 1.0 2.3282635809756234 0.16304701646047493 0.9422223311410939 0.022996870016486842
007 5515 0 6831 0.5552907251302173 10.0 1.6855065954534618 0.13821575847976114 0.9581884354337582 0.020705760297831517
007 5515 0 6832 0.5552907251302173 10.0 1.6855065954534618 0.15233926252697902 0.9581884354337582 0.020705760297831517
009 7779 0 9618 0.4929749674240912 10.0 1.1631685708852757 0.15706767959212115 0.8136256116533435 0.033811417641343204
009 7779 0 9619 0.4929749674240912 10.0 1.1631685708852757 0.12586001246877498 0.8136256116533435 0.033811417641343204
010 4052 0 5035 0.8208151313131984 0.8 2.945761469602301 0.1529964446708181 0.8536441235275197 0.04472785314188562
010 4052 0 5036 0.8208151313131984 0.8 2.945761469602301 0.15471601905858973 0.8536441235275197 0.04472785314188562
010 764 0 964 0.7248649862019092 1.0 2.5076040814649287 0.19000438381939783 0.9180549783395999 0.06288434896921667
010 764 0 965 0.7248649862019092 1.0 2.5076040814649287 0.1361542140844117 0.9180549783395999 0.06288434896921667
011 2788 0 3472 0.6741732216752645 1.2 2.1425596197957892 0.13861399597957286 0.870781945383021 0.09720707214973259
011 9144 0 11311 0.43315005228400694 10.0 1.0989103319891376 0.17142623786307856 1.1334164011952903 0.010657618895431775
011 9144 0 11312 0.43315005228400694 10.0 1.0989103319891376 0.11985948786488203 1.1334164011952903 0.010657618895431775
013 2271 0 2786 0.6138342991700059 2.4000000000000004 2.53970764698951 0.160603205785463 0.9156155284503289 0.03127440646401639
013 2271 0 2787 0.6138342991700059 2.4000000000000004 2.53970764698951 0.17273782635046153 0.9156155284503289 0.03127440646401639
014 5905 0 7247 0.5300039422185323 10.0 1.1731685837928951 0.10274053543467965 0.8228760133681416 0.0397394922901702
017 11820 0 14640 0.8359074542129185 1.0 2.8009463703870345 0.15745244111643206 0.8507426274623812 0.07010925985557259
017 11820 0 14641 0.8359074542129185 1.0 2.8009463703870345 0.14085448262775277 0.8507426274623812 0.07010925985557259
019 10990 0 13447 0.8208527156057506 1.0 2.859142969270557 0.20154111732439717 0.9023225506797794 0.0732132549955685
019 3619 0 4413 0.5691988839206601 10.0 1.6997560656482193 0.09646129922705661 0.7853571303821318 0.06673227658350714
019 3619 0 4414 0.5691988839206601 10.0 1.6997560656482193 0.11393558046729492 0.7853571303821318 0.06673227658350714
020 11011 0 13565 0.4466095537608402 10.0 1.0855016440029113 0.11700370356561349 0.9236196590596863 0.036163989695994415
020 11011 0 13566 0.4466095537608402 10.0 1.0855016440029113 0.11409532747044557 0.9236196590596863 0.036163989695994415
020 67 0 81 0.8806719559519451 0.8 3.2596932119538926 0.2021276458180231 0.8363727446324607 0.08365248994490003
020 67 0 82 0.8806719559519451 0.8 3.2596932119538926 0.15397802068008867 0.8363727446324607 0.08365248994490003
020 9815 0 12094 0.9512173391974846 0.8 3.0716414222542663 0.13488747846445776 0.6449717434260276 0.08101634694674825
020 9815 0 12095 0.9512173391974846 0.8 3.0716414222542663 0.18527269904145705 0.6449717434260276 0.08101634694674825
021 11228 0 13869 0.825260926863526 1.2 2.6992448810638043 0.12273494027543723 0.8090883537437124 0.0683157271695454
021 11228 0 13870 0.825260926863526 1.2 2.6992448810638043 0.251916068023319 0.8090883537437124 0.0683157271695454
021 7503 0 9247 0.421445029721621 10.0 1.257289775978458 0.12140438897627454 0.6120340961306523 0.041495534470083806
021 7503 0 9248 0.421445029721621 10.0 1.257289775978458 0.14524103274044953 0.6120340961306523 0.041495534470083806
022 4245 0 5218 0.44324872300484547 10.0 1.0441768246363827 0.11958438228831245 0.6177355397058859 0.05320740720951428
022 4245 0 5219 0.44324872300484547 10.0 1.0441768246363827 0.1476298766960463 0.6177355397058859 0.05320740720951428
022 6536 0 8087 0.8999012417994134 1.0 3.1296719787791534 0.17700251204099673 0.7339229698015663 0.11276916042075934
022 6536 0 8088 0.8999012417994134 1.0 3.1296719787791534 0.1752200511242633 0.7339229698015663 0.11276916042075934
022 7361 0 9095 0.5768090033911746 10.0 1.8706284062943808 0.1437311512923763 0.8145647935588296 0.02540869172233332
022 7361 0 9096 0.5768090033911746 10.0 1.8706284062943808 0.1075507757891458 0.8145647935588296 0.02540869172233332
023 1773 0 2194 0.8062971922612915 2.4000000000000004 2.5648321316570275 0.15908465774933517 0.6486292104364203 0.08376433467218888
023 1773 0 2195 0.8062971922612915 2.4000000000000004 2.5648321316570275 0.13072456629683687 0.6486292104364203 0.08376433467218888
023 5412 0 6663 0.9350472603583724 0.8 3.2405521630876972 0.17875589599562489 0.8083957145028703 0.12183511751350992
023 5412 0 6664 0.9350472603583724 0.8 3.2405521630876972 0.18155842404449923 0.8083957145028703 0.12183511751350992
023 9719 0 12027 0.9186421820623523 1.8 3.0736182813001376 0.12523199999640777 0.7167667587404011 0.10811460265497953
023 9719 0 12028 0.9186421820623523 1.8 3.0736182813001376 0.18202533329295217 0.7167667587404011 0.10811460265497953
024 5669 0 7012 0.7479086906757733 1.6 2.29392623688315 0.16967026527172743 0.8288049184351927 0.07443371667893041
024 5669 0 7013 0.7479086906757733 1.6 2.29392623688315 0.15550106898786567 0.8288049184351927 0.07443371667893041
025 12193 0 15061 0.8560136816353126 1.2 2.6809643239987846 0.15455941160010878 0.5636212246896108 0.085387383483945
026 10716 0 13222 0.6326267125633114 4.6000000000000005 1.8375011728017812 0.1174281744599076 0.9298876974612758 0.042461441603293085
026 10716 0 13223 0.6326267125633114 4.6000000000000005 1.8375011728017812 0.14300170283760946 0.9298876974612758 0.042461441603293085
026 12292 0 15198 0.811608650200426 1.0 2.8087463168775084 0.1119035065742609 0.9287796628879601 0.043407681226227485
026 12292 0 15199 0.811608650200426 1.0 2.8087463168775084 0.15212276298329963 0.9287796628879601 0.043407681226227485
026 3270 0 4066 0.458900978424456 10.0 1.0262047230129272 0.1826686423033258 0.9737882024830035 0.03209425571395176
026 3270 0 4067 0.458900978424456 10.0 1.0262047230129272 0.15791402772693502 0.9737882024830035 0.03209425571395176
026 7402 0 9123 0.8981863438398388 1.2 3.4330883526095883 0.11505461941498604 0.7433464175146408 0.06906943309103167
026 7402 0 9124 0.8981863438398388 1.2 3.4330883526095883 0.13949286879452602 0.7433464175146408 0.06906943309103167
029 3607 0 4482 0.6606723398079392 1.0 2.3553408979467614 0.17586988880930188 0.7683583061639403 0.06245243053403487
029 3607 0 4483 0.6606723398079392 1.0 2.3553408979467614 0.12497836436092324 0.7683583061639403 0.06245243053403487
031 1608 0 1985 0.4473092144684374 10.0 1.2496671007957203 0.09287439027793958 0.7693071609378975 0.026046352667539522
031 1608 0 1986 0.4473092144684374 10.0 1.2496671007957203 0.09789121329006709 0.7693071609378975 0.026046352667539522
031 3228 0 3991 0.5201345739764589 10.0 1.5345571881160815 0.10233533012441418 0.9898658170942616 0.05736358854953311
031 3228 0 3992 0.5201345739764589 10.0 1.5345571881160815 0.09250033301516171 0.9898658170942616 0.05736358854953311
000 2455 0 3035 0.46146681022847125 10.0 1.2913365900389475 0.1678016595455717 1.084954487579633 0.005640304254539087
000 2455 0 3036 0.46146681022847125 10.0 1.2913365900389475 0.1542976082622335 1.084954487579633 0.005640304254539087
000 4638 0 5708 0.6285611091362311 1.0 2.069332903548232 0.1800096707819681 0.9585818858284093 0.03382608561611882
000 4638 0 5709 0.6285611091362311 1.0 2.069332903548232 0.13009263480130662 0.9585818858284093 0.03382608561611882
003 2087 0 2573 0.6385074963464012 2.0 2.128984314301988 0.22261783343247496 0.9420812662788931 0.02884105762227987
003 2087 0 2574 0.6385074963464012 2.0 2.128984314301988 0.1650224959735544 0.9420812662788931 0.02884105762227987
004 5019 0 6203 0.7078774902278304 1.4000000000000001 2.275511667668408 0.14215360823506965 0.7478294693519627 0.048343484671362125
006 10057 0 12409 0.8637876644507364 1.0 2.955383950791919 0.12604308413084295 0.47009080327301195 0.13738706560821018
006 10057 0 12410 0.8637876644507364 1.0 2.955383950791919 0.19857971772349076 0.47009080327301195 0.13738706560821018
006 8115 0 10022 0.48484655550688627 10.0 1.8059115154882088 0.15795110200121945 0.8622001537691527 0.018692490045454754
006 8115 0 10023 0.48484655550688627 10.0 1.8059115154882088 0.1049948464614163 0.8622001537691527 0.018692490045454754
008 4644 0 5751 0.4530886107716172 10.0 1.27267484741407 0.12679242447157107 1.0247570908064327 0.030012568802544354
008 4644 0 5752 0.4530886107716172 10.0 1.27267484741407 0.16070992066364076 1.0247570908064327 0.030012568802544354
009 12200 0 15054 0.7244626773651842 0.8 2.7605495000992724 0.16212653470907704 0.9694177960718577 0.04870649433031053
009 12200 0 15055 0.7244626773651842 0.8 2.7605495000992724 0.16096240423402952 0.9694177960718577 0.04870649433031053
009 8013 0 9911 0.5575723167203789 2.0 1.8696269221673725 0.09518650460809766 0.7208770172456367 0.0455750668989807
009 8013 0 9912 0.5575723167203789 2.0 1.8696269221673725 0.12378083441939648 0.7208770172456367 0.0455750668989807
011 8226 0 10117 0.7018332164209753 0.8 2.5553678596750484 0.11926752356363977 0.7497985379293184 0.018907790979360028
011 8250 0 10150 0.6665143906751209 6.000000000000001 1.9360786287408294 0.1315948446950484 0.8761001467276739 0.03720608527537716
011 8250 0 10151 0.6665143906751209 6.000000000000001 1.9360786287408294 0.11635984025554835 0.8761001467276739 0.03720608527537716
013 3851 0 4757 0.9236817776806766 1.0 3.109140357712418 0.191360784417211 0.6877043583213354 0.06964726627918577
013 3851 0 4758 0.9236817776806766 1.0 3.109140357712418 0.14455248148114486 0.6877043583213354 0.06964726627918577
013 6355 0 7820 0.7536525891168692 1.8 2.4614186048471405 0.10997925062718862 0.9040025092030941 0.04562445687334758
013 6355 0 7821 0.7536525891168692 1.8 2.4614186048471405 0.13341324363654603 0.9040025092030941 0.04562445687334758
014 5924 0 7353 0.8853168527058601 1.8 2.904070486247992 0.16871998976788893 0.8953757976984885 0.08946321128886423
014 5924 0 7354 0.8853168527058601 1.8 2.904070486247992 0.12160865903991336 0.8953757976984885 0.08946321128886423
015 766 0 939 0.6062160440183281 10.0 2.1459988977370945 0.13715796135452718 0.6072774655403138 0.10065762294557144
015 8901 0 11044 0.7482861895235369 2.2 2.78655883270177 0.11667030705364571 0.8264565287202639 0.052012624830155514
015 8901 0 11045 0.7482861895235369 2.2 2.78655883270177 0.12382802003763374 0.8264565287202639 0.052012624830155514
016 12270 0 15119 0.8331012414138173 1.2 3.095348890236716 0.12953497815291723 0.8572047042901946 0.03531867548342562
017 10665 0 13205 0.5428405098331318 10.0 1.5065531659745732 0.20173013653762956 1.0129592275464439 0.021441550013381848
017 10665 0 13206 0.5428405098331318 10.0 1.5065531659745732 0.10195584089336558 1.0129592275464439 0.021441550013381848
017 8068 0 9997 0.5121973896156056 3.2 2.0845794503828943 0.15228490464111466 0.7107484132264658 0.04911344686682671
017 8068 0 9998 0.5121973896156056 3.2 2.0845794503828943 0.1395951442586898 0.7107484132264658 0.04911344686682671
018 11080 0 13751 0.706657174057441 7.4 1.9279498456513873 0.11432512305336624 0.7765509916591067 0.06260636367743035
018 8271 0 10246 0.7279650827663549 1.2 2.424054906704693 0.11565235939066072 0.7620480635614462 0.055322444629309575
018 8271 0 10247 0.7279650827663549 1.2 2.424054906704693 0.1416513625234433 0.7620480635614462 0.055322444629309575
020 2673 0 3298 0.47182163156036483 10.0 1.1058212413528383 0.12059071194270106 0.9679030438726453 0.05397870856108901
020 2673 0 3299 0.47182163156036483 10.0 1.1058212413528383 0.12568388753512957 0.9679030438726453 0.05397870856108901
020 4597 0 5647 0.6576115974366057 1.4000000000000001 2.135043221442346 0.15119004356925467 0.86630659720734 0.045818055293486155
020 4597 0 5648 0.6576115974366057 1.4000000000000001 2.135043221442346 0.17661986629667367 0.86630659720734 0.045818055293486155
020 9463 0 11681 0.8194266102712207 0.8 2.7218703781865505 0.21263296099328846 0.9307052945917177 0.05873739224043577
020 9463 0 11682 0.8194266102712207 0.8 2.7218703781865505 0.14521728287203853 0.9307052945917177 0.05873739224043577
021 1311 0 1619 0.6448207280129281 2.0 2.4182934375862377 0.19706805477058653 0.894705282011759 0.03217676468961064
021 1311 0 1620 0.6448207280129281 2.0 2.4182934375862377 0.2144761324821659 0.894705282011759 0.03217676468961064
022 3267 0 4057 0.4531722934366904 10.0 0.9517204253581762 0.11525624463426921 0.9979808907937021 0.0017425921602132054
023 11732 0 14461 0.7678731777633034 1.8 2.137422963890308 0.14477298989492776 0.7007012215391485 0.06854155040875015
023 11732 0 14462 0.7678731777633034 1.8 2.137422963890308 0.18192427447809623 0.7007012215391485 0.06854155040875015
024 12045 0 14849 0.4526218194117648 10.0 1.0504234020749847 0.1347239759484347 1.0182173733220616 0.03004343253514719
024 12045 0 14850 0.4526218194117648 10.0 1.0504234020749847 0.1590726767008863 1.0182173733220616 0.03004343253514719
024 3553 0 4369 0.4411081040580866 10.0 1.2627266651626103 0.14170511096955607 0.9077679529028747 0.035999801016488295
024 3553 0 4370 0.4411081040580866 10.0 1.2627266651626103 0.1624605376687579 0.9077679529028747 0.035999801016488295
025 4840 0 5973 0.9442046784166029 1.4000000000000001 2.7781544079680156 0.15483034997758216 0.8325531214537162 0.16372639272327616
026 11027 0 13607 0.7842953488234741 2.0 2.8193813375157024 0.12361135067575718 0.840168501456308 0.03301872199164367
026 11027 0 13608 0.7842953488234741 2.0 2.8193813375157024 0.0962594301064438 0.840168501456308 0.03301872199164367
026 11827 0 14602 0.8188326431422042 0.8 2.8609764515819527 0.14355642732281781 0.8714046514846884 0.04865703473677828
026 11827 0 14603 0.8188326431422042 0.8 2.8609764515819527 0.19951741517800167 0.8714046514846884 0.04865703473677828
026 4785 0 5896 0.5107759579591555 10.0 2.0373954824098406 0.12246603449620418 0.8885568555037845 0.059535907625056304
026 5670 0 6979 0.7806018501805034 1.8 2.6313506947818857 0.17551819892804116 0.8242489228231676 0.06834780515407056
028 143 0 180 0.8529069955082913 1.6 2.4276809512806183 0.15124378409337752 0.4726903602361606 0.07345206194477291
028 143 0 181 0.8529069955082913 1.6 2.4276809512806183 0.15634898526611607 0.4726903602361606 0.07345206194477291
029 4470 0 5484 0.4540499035556985 10.0 1.1142950539734566 0.10684357958659049 0.9577050350488041 0.01676871394998219
029 4470 0 5485 0.4540499035556985 10.0 1.1142950539734566 0.20414501462719847 0.9577050350488041 0.01676871394998219
029 7775 0 9575 0.7706690997860515 2.4000000000000004 2.680939926024386 0.21079068547775015 0.9247168202499352 0.05510184714293247
029 7775 0 9576 0.7706690997860515 2.4000000000000004 2.680939926024386 0.1970536656038493 0.9247168202499352 0.05510184714293247
030 4496 0 5561 0.7365943385529502 5.4 2.2970603930178375 0.14336793181826296 0.7929800087430292 0.05474266144283871
030 4496 0 5562 0.7365943385529502 5.4 2.2970603930178375 0.16412404643616668 0.7929800087430292 0.05474266144283871
030 9257 0 11453 0.7141660783876507 10.0 1.948260234218011 0.11492662665189636 0.5696684037232854 0.0768492899724717
030 9257 0 11454 0.7141660783876507 10.0 1.948260234218011 0.1215010684106042 0.5696684037232854 0.0768492899724717
000 2741 0 3379 0.9569652544964524 1.0 3.162562275768693 0.147633649675755 0.7630604892086188 0.15866546774746162
001 12166 0 15025 0.9497233693262113 1.4000000000000001 2.711505123214005 0.19998812183643086 0.7949894558385755 0.2570261567764171
001 8580 0 10557 0.7186483576791416 4.2 1.903247784601129 0.13048714728941513 0.94065044676664 0.03222534116107117
001 8580 0 10558 0.7186483576791416 4.2 1.903247784601129 0.1878655004630994 0.94065044676664 0.03222534116107117
002 8137 0 10040 0.4582904086927067 10.0 1.1390837450560252 0.12124231024573476 0.9230698413487222 0.023300133105632097
002 8137 0 10041 0.4582904086927067 10.0 1.1390837450560252 0.12768275165091528 0.9230698413487222 0.023300133105632097
004 12355 0 15235 0.9509188713255861 0.8 3.2411695492371813 0.13417603788364407 0.713696621904986 0.08055117000873005
004 12355 0 15236 0.9509188713255861 0.8 3.2411695492371813 0.1589906248986353 0.713696621904986 0.08055117000873005
004 2527 0 3108 0.8819267358200873 1.0 2.8589061140501415 0.1534297894998812 0.7553757062882818 0.10280846787799582
004 2527 0 3109 0.8819267358200873 1.0 2.8589061140501415 0.14267990497623026 0.7553757062882818 0.10280846787799582
005 11080 0 13735 0.9074593844237253 1.2 2.951546281720932 0.12771895426564894 0.7818629684002723 0.04261809913137322
005 11080 0 13736 0.9074593844237253 1.2 2.951546281720932 0.12569905654676217 0.7818629684002723 0.04261809913137322
006 6800 0 8382 0.49931320899924025 10.0 1.0692682515285545 0.17154320093310446 0.7503956850290436 0.01745973946223005
006 6800 0 8383 0.49931320899924025 10.0 1.0692682515285545 0.14048021684597242 0.7503956850290436 0.01745973946223005
006 7859 0 9682 0.8960892603204749 1.0 2.9257237168034043 0.14157191104754063 0.7734399055244249 0.03428589406107038
008 7249 0 8960 0.9512670154677165 1.0 3.149990792740331 0.1027903556791403 0.8578863985847494 0.09409491125906878
008 7249 0 8961 0.9512670154677165 1.0 3.149990792740331 0.1740790088672805 0.8578863985847494 0.09409491125906878
010 6279 0 7764 0.7579965927784603 0.8 2.6317168899640033 0.16370689739076966 0.7219583712415595 0.04200475456938341
010 6279 0 7765 0.7579965927784603 0.8 2.6317168899640033 0.21442561452625392 0.7219583712415595 0.04200475456938341
011 2190 0 2710 0.5978958905682861 10.0 2.0432844615416608 0.1332159974896102 0.9106446541669669 0.031790230626450325
011 2190 0 2711 0.5978958905682861 10.0 2.0432844615416608 0.1378967545312893 0.9106446541669669 0.031790230626450325
013 1527 0 1881 0.6422779685045014 1.0 2.514785184899877 0.15153860017692336 0.861582512917386 0.04504195695295875
014 2785 0 3458 0.895239734640094 1.2 2.9529799912243897 0.15525417468108893 0.7787782693186152 0.06724574538866238
014 2785 0 3459 0.895239734640094 1.2 2.9529799912243897 0.12661621766713116 0.7787782693186152 0.06724574538866238
015 550 0 676 0.9559776283114376 1.0 2.985809312504612 0.1785505527206077 0.8470981268661688 0.08190392513359002
015 550 0 677 0.9559776283114376 1.0 2.985809312504612 0.1631247884187824 0.8470981268661688 0.08190392513359002
016 7734 0 9511 0.8102775673134852 1.8 2.7006746094671192 0.12975224785105183 0.8789395579740077 0.041710990781217906
016 7734 0 9512 0.8102775673134852 1.8 2.7006746094671192 0.11920336951330338 0.8789395579740077 0.041710990781217906
018 1732 0 2153 0.6481743756017954 1.2 2.192502015623607 0.20079835999298404 0.8304525835965832 0.044609115737418964
018 1732 0 2154 0.6481743756017954 1.2 2.192502015623607 0.14947812393254137 0.8304525835965832 0.044609115737418964
019 9272 0 11488 0.7356782265841333 1.6 2.1761396813689524 0.1491502578218246 0.8153130737872735 0.07732434613163172
019 9272 0 11489 0.7356782265841333 1.6 2.1761396813689524 0.13400993079285062 0.8153130737872735 0.07732434613163172
021 3139 0 3905 0.6267261611565862 2.2 2.255012529738184 0.16864546884576162 0.940708527393068 0.03710355245883387
021 7171 0 8899 0.7842469616044245 1.6 2.440731860529525 0.16309096358414818 0.7755455897757839 0.11663786260884938
023 12211 0 15053 0.8345881562427928 2.0 2.859848169890779 0.19169826554584324 0.7024258038143897 0.06925513290278573
023 12211 0 15054 0.8345881562427928 2.0 2.859848169890779 0.16493880292171526 0.7024258038143897 0.06925513290278573
025 3329 0 4127 0.7172463017481164 1.0 2.3841493072481192 0.16367218492428254 0.9444985498223334 0.05390901565484138
025 3329 0 4128 0.7172463017481164 1.0 2.3841493072481192 0.1587689994741046 0.9444985498223334 0.05390901565484138
025 3618 0 4494 0.6531715927738146 5.000000000000001 2.3276183595611357 0.15180005518675332 0.9039308772211645 0.030414419410709412
025 3618 0 4495 0.6531715927738146 5.000000000000001 2.3276183595611357 0.1379434091297225 0.9039308772211645 0.030414419410709412
025 465 0 581 0.9345191016433527 1.2 3.0885620736067194 0.13198002876613169 0.6772288629717493 0.09219221336751621
025 465 0 582 0.9345191016433527 1.2 3.0885620736067194 0.1432295617759457 0.6772288629717493 0.09219221336751621
025 8406 0 10436 0.6464805628234994 1.0 2.011596618968166 0.14123980233289934 0.8198177906329799 0.09233528142043686
026 2611 0 3238 0.5688716749182103 10.0 1.5093782592777447 0.1217760583345722 0.7953015413725969 0.05733010067718605
027 11775 0 14523 0.94195602252209 0.8 3.2232857219281636 0.1625586845074108 0.8870028339279793 0.1136904434766201
027 11775 0 14524 0.94195602252209 0.8 3.2232857219281636 0.1544562997124705 0.8870028339279793 0.1136904434766201
028 1880 0 2339 0.92080461655416 1.0 2.949194456886431 0.14890336182170827 0.49254169590491703 0.16412849911484864
028 1880 0 2340 0.92080461655416 1.0 2.949194456886431 0.1358379850822512 0.49254169590491703 0.16412849911484864
028 2607 0 3241 0.8125214933391849 0.8 2.769166093298827 0.15835544741458474 0.7947227075155632 0.10522389076165813
030 10891 0 13368 0.9390308948143096 1.4000000000000001 2.9242571490559324 0.14328183547923062 0.7641568831632157 0.10579010544522896
030 10891 0 13369 0.9390308948143096 1.4000000000000001 2.9242571490559324 0.11630761447565055 0.7641568831632157 0.10579010544522896
030 2032 0 2505 0.49725294946578 10.0 1.3058643952802256 0.11038831035080598 0.5025035975656377 0.0987934110978396
030 2032 0 2506 0.49725294946578 10.0 1.3058643952802256 0.12488353631517371 0.5025035975656377 0.0987934110978396
