-29.859909950071327, 0.02962962962962945
-29.602465228245364, 0.05293531378600802
-29.345020506419402, 0.02479638203017842
-29.087575784593437, -0.0032600308641976827
-28.830131062767475, -0.005824009773662597
-28.572686340941512, -0.011403856595793238
-28.315241619115547, -0.026282793209876587
-28.057796897289585, -0.008211162551440276
-27.800352175463622, -0.018938614540466414
-27.54290745363766, -0.014812671467764327
-27.2854627318117, -0.00573559670781898
-27.01085502853067, -0.015519975994513047
-26.77057328815977, -0.019351208847736556
-26.51312856633381, -0.03337941529492472
-26.272846825962908, -0.05995048868312791
-25.99823912268188, -0.04270404663923211
-25.74079440085592, -0.009861539780521289
-25.483349679029956, 0.0221557784636488
-25.225904957203994, 0.022320816186556902
-24.968460235378032, 0.01736968449931431
-24.711015513552066, -0.0333794152949245
-24.453570791726104, -0.01687564300411548
-24.19612606990014, -0.014647633744856003
-23.938681348074176, 0.021495627572016396
-23.681236626248214, 0.019845250342935383
-23.423791904422252, 0.040239197530864246
-23.16634718259629, 0.0611046810699587
-22.908902460770328, 0.07595807613168715
-22.651457738944366, 0.06729359567901216
-22.3940130171184, 0.0581340020576131
-22.136568295292438, 0.015719307270233074
-21.879123573466472, -0.052682934670782
-21.638841833095576, -0.05623713991769552
-21.364234129814548, -0.03527734910836777
-21.106789407988586, -0.0356074245541842
-20.849344686162624, -0.043859310699588594
-20.591899964336662, -0.05648469650205756
-20.313001515691866, -0.08230131172839505
-20.077010520684734, -0.09372133273319627
-19.819565798858772, -0.08957475994513042
-19.562121077032806, -0.08359214248971214
-19.304676355206844, -0.05153356481481497
-19.047231633380882, -0.05029578189300432
-18.78978691155492, -0.030491255144032836
-18.532342189728958, 0.01802983539094649
-18.274897467902992, 0.0420074588477366
-18.01745274607703, 0.04271476337448532
-17.760008024251068, 0.05120241769547329
-17.48540032097004, 0.03412101337448559
-17.262281562054206, 0.039319701646090666
-16.987673858773178, 0.0955268347050755
-16.730229136947216, 0.07410140174897095
-16.472784415121254, 0.08262835076588915
-16.198176711840226, 0.04724151234567908
-15.957894971469326, 0.0055694873113854015
-15.717613231098426, 0.006097608024691281
-15.443005527817402, 0.04030992798353905
-15.18556080599144, 0.014068930041152283
-14.928116084165474, -0.01563786008230461
-14.670671362339512, -0.038248028120713595
-14.41322664051355, -0.06300368655692745
-14.155781918687588, -0.066681670096022
-13.898337196861622, -0.08330332647462257
-13.64089247503566, -0.08590267061042534
-13.383447753209698, -0.06844993141289457
-13.126003031383735, -0.1177033768432787
-12.86855830955777, -0.11595721879286702
-12.611113587731808, -0.09619984567901252
-12.353668865905846, -0.06267361111111125
-12.096224144079883, -0.04039351851851869
-11.838779422253918, 0.011043238454504056
-11.581334700427956, 0.021495627572016396
-11.323889978601994, -0.011016803840877998
-11.066445256776031, 0.023334619341563556
-10.791837553495004, 0.012979681069958726
-10.56871879457917, 0.037735339506172805
-10.294111091298142, 0.10483967764060331
-10.03666636947218, 0.12918274176954725
-9.779221647646217, 0.15476358882030183
-9.521776925820252, 0.16136509773662544
-9.247169222539227, 0.08994502314814823
-9.006887482168327, 0.11539030349794244
-9.006887482168327, -0.02801568930041176
-8.749442760342365, 0.028780864197530898
-8.635022883975271, -0.028634580761316863
-8.406183131241079, -0.01955750600137174
-8.170192136233947, -0.012543402777777768
-7.891293687589155, -0.00573559670781898
-7.6338489657631925, -0.021579218106996034
-7.376404243937227, -0.06226101680384111
-7.118959522111265, -0.1196116255144033
-6.844351818830241, -0.17377700617283942
-6.6212330599144025, -0.2083111496913581
-6.4152772824536335, -0.28349408436213963
-6.174995542082733, -0.2808888460219481
-5.917550820256771, -0.2694914194673066
-5.660106098430809, -0.22095166395176058
-5.402661376604847, -0.17853009259259278
-5.145216654778881, -0.11466049382716048
-4.909225659771749, -0.04225019290123466
-4.630327211126957, 0.08264210390946514
-4.372882489300995, 0.15629018775720138
-4.093984040656199, 0.2325376157407406
-3.836539318830237, 0.3383680555555555
-3.600548323823105, 0.37601728609396434
-3.343103601997143, 0.40144488383058974
-3.107112606990011, 0.42490971150548684
-2.9783902460770264, 0.3241644965277778
-2.7423992510698945, 0.39283050411522624
-2.7423992510698945, 0.20803540809327847
-2.5064082560627625, 0.28359616126543197
-2.3776858951497815, 0.17529015560699568
-2.20605608059914, -0.07195698302469133
-2.1631486269614797, 0.1541859567901236
-1.952902104136946, -0.012172067901234485
-2.0558799928673253, -0.15922067901234582
-1.7340740905848762, -0.1332272376543211
-1.540990549215401, -0.4484492884087794
-1.3693607346647596, -0.6438126929012347
-1.1805679386590526, -0.7979166666666668
-0.9402861982881561, -0.7741924939986278
-0.9617399251069827, -0.9540836119684502
-0.7000044579172524, -0.8642618312757204
-0.5112116619115525, -0.7459297839506174
-0.3395818473609111, -0.4711419753086421
-0.1679520328102626, -0.191403034979424
0.003677781740378805, 0.0982381687242797
0.21821504992868057, 0.1489872685185185
0.3641003922967201, 0.3532214506172838
0.6043821326676238, 0.4640442815500685
0.7760119472182652, 0.36213348765432085
0.8618268544935859, 0.5840679655349793
1.0334566690442273, 0.3828221450617283
1.1407253031383817, 0.6259669174382715
1.2909013908701894, 0.32351466049382704
1.37671629814551, 0.5892312885802468
1.5483461126961515, 0.4093342764060355
1.6627659890632458, 0.32599022633744845
1.8701520149786077, 0.26781442901234565
1.9988743758915888, 0.09477237654321002
2.2177023894436587, 0.07001671810699595
2.4064951854493657, -0.11466049382716048
2.4923100927246864, 0.07599344135802455
2.6884584522111297, -0.06819058641975295
2.92138462910129, -0.0006665809327845995
2.899930902282456, -0.18072715727880673
3.178829350927252, -0.049824245541838286
3.178829350927252, -0.20873199588477376
3.4148203459343875, -0.14137597522290823
3.5435427068473686, -0.27124003343621417
3.779533701854497, -0.13835519547325092
3.779533701854497, -0.3176568930041155
4.058432150499293, -0.15104247042181074
3.9940709700427988, -0.29661458333333335
4.311586126961487, -0.16341263717421128
4.208608238231108, -0.2706211419753086
4.5518678673323905, -0.1388267318244174
4.809312589158353, -0.07901234567901261
5.049594329529249, -0.025837191358024647
5.324202032810277, 0.029995070301783278
5.581646754636239, 0.039797132201645935
5.839091476462201, 0.031397890946501805
6.096536198288163, 0.01778227880658445
6.353980920114132, 0.004520318930041123
6.6114256419400945, 0.0000407235939641204
6.868870363766057, 0.030655221193415683
7.126315085592019, 0.059990676440329294
7.383759807417981, 0.09060517403978041
7.641204529243943, 0.1980859910836763
7.641204529243943, 0.0064771947873798474
7.8771955242510785, 0.09253552597736614
8.00591788516406, -0.021561535493827222
8.241908880171188, -0.004910408093278473
8.499353601997157, -0.021331661522633993
8.75679832382312, -0.04521497770919081
9.014243045649081, -0.051830632716049596
9.128662922016176, -0.10970936213991789
9.357502674750364, -0.0984042781207135
9.614947396576326, -0.07010030864197536
9.872392118402288, -0.038094778806584406
10.146999821683323, 0.010414523319615565
10.387281562054213, 0.031617941243712755
10.644726283880175, 0.08140432098765427
10.902171005706144, 0.07496784979423854
11.159615727532106, 0.01798857596021941
11.417060449358068, 0.04625128600823025
11.67450517118403, -0.030181809413580396
11.931949893009993, -0.05153356481481497
12.172231633380889, -0.056608474794238806
12.446839336661917, -0.056897290809327705
12.704284058487879, -0.06528670839048933
12.961728780313848, -0.12654320987654333
13.21917350213981, -0.13157686042523986
13.476618223965772, -0.07764489026063104
13.734062945791734, -0.06408822016460913
13.991507667617697, -0.0614358281893006
14.248952389443659, -0.036149691358024594
14.50639711126962, -0.018113425925925908
14.763841833095583, -0.01563786008230461
15.021286554921545, -0.022858260459533764
15.278731276747514, 0.015059156378600669
15.536175998573476, 0.06543692129629619
15.793620720399439, 0.0891610939643348
16.0510654422254, 0.0909765089163237
16.308510164051363, 0.06801563571673519
16.565954885877325, 0.08551651091678081
16.823399607703287, 0.0586291152263374
17.08084432952925, 0.0501709319272976
17.33828905135522, 0.04660493827160472
17.59573377318118, 0.023764896262002733
17.853178495007143, -0.002269804526749075
18.110623216833105, -0.0037551440329217645
18.368067938659067, -0.024178562242798574
18.62551266048503, -0.026640374942844103
18.88295738231099, -0.031110146604938382
19.157565085592026, -0.06861496913580267
19.397846825962915, -0.08230131172839505
19.655291547788885, -0.07381365740740753
19.912736269614847, -0.07257587448559688
20.17018099144081, -0.044106867283950635
20.42762571326677, -0.025540123456790242
20.685070435092733, -0.01398748285322382
20.942515156918695, 0.020670438957475668
21.199959878744657, 0.06292009602194781
21.45740460057062, 0.07958890603566537
21.732012303851654, 0.037883873456789896
21.97229404422255, 0.006367169638774595
22.229738766048513, 0.027189429012345556
22.487183487874475, 0.043775720164608956
22.744628209700437, 0.05367798353909459
23.0020729315264, 0.01241855281207127
23.25951765335236, -0.04163130144032934
23.495508648359497, -0.018732317386831454
23.624231009272478, -0.09671264146090541
23.84305902282454, -0.050790895061728625
24.117666726105575, -0.019144911694101596
24.375111447931538, -0.020588991769547427
24.6325561697575, -0.02785065157750366
24.890000891583462, -0.03423996913580263
25.16460859486449, -0.05093942901234594
25.38343660841656, -0.03941360703875163
25.662335057061348, -0.0075038580246915565
25.91977977888731, 0.006642232510287949
26.17722450071328, 0.039649777091906646
26.43466922253924, 0.056153549382715884
26.692113944365204, 0.043775720164608956
26.949558666191166, 0.046015517832647346
27.207003388017128, 0.018843235596707864
27.46444810984309, 0.02768454218106986
27.721892831669052, 0.007962534293552537
27.979337553495014, 0.010108024691357853
28.236782275320977, -0.012337105624142586
28.494226997146946, -0.030491255144032836
28.734508737517835, -0.03120563271604948
29.00911644079887, -0.009625771604938382
29.266561162624832, -0.034452160493827266
29.524005884450794, -0.04947059327846359
29.738543152639103, -0.0478202160493828
29.953080420827398, 0.056153549382715884
29.953080420827398, -0.10723379629629637
